{
	"asset": {
		"generator": "SOLIDWORKSGLTF",
		"version" : "2.0"
	},
"extensionsUsed": [ "KHR_lights_punctual", "Solidworks_custom_properties", "KHR_draco_mesh_compression"],
"extensionsRequired": [ "KHR_draco_mesh_compression" ],
	"scene" : 0,
	"scenes": [
		{
			"name": "12200-45002 - Display State-1",
			"nodes": [
				0, 1]
		}
	],
	"nodes": [
		{
			"matrix": [
				0.707107,					0,					-0.707107,					0,
				-0.408204,					0.816541,					-0.408204,					0,
				0.577382,					0.577288,					0.577382,					0,
				2.69784,					2.79593,					2.72255,					1
			]
			,"camera": 0
			,"name": "current"		}
,
		{
			"children": [
				2, 3, 23, 43, 44, 45, 46, 59, 79, 93, 94, 95, 96, 116, 136, 137, 138, 139, 166, 167, 194, 221, 222, 223, 224, 225, 252, 253
			]
			,"name": "crankshaft"		}
,
		{
			"matrix": [
				0.996449,					-0.0841996,					-2.22045e-16,					0,
				0.0841996,					0.996449,					1.12237e-15,					0,
				1.38778e-16,					-1.14108e-15,					1,					0,
				7.6367e-05,					-0.0292499,					-0.2714,					1
			]
			,"mesh": 0
			,"name": "09169-28010-4"		}
,
		{
			"children": [
				4, 5, 6, 7, 8, 9, 10, 11, 12, 13, 14, 15, 16, 17, 18, 19, 20, 21, 22
			]
			,"matrix": [
				-1,					-1.4671e-29,					6.42686e-17,					0,
				-5.32947e-28,					1,					2.52772e-13,					0,
				-6.42686e-17,					2.52772e-13,					-1,					0,
				5.94743e-14,					7.38217e-14,					-0.2915,					1
			]
			,"name": "09264-32001-6"		}
,
		{
			"matrix": [
				0.927357,					-0.374177,					-9.39193e-14,					0,
				0.374177,					0.927357,					2.33447e-13,					0,
				-2.53639e-16,					-2.51631e-13,					1,					0,
				-0.0140924,					0.00100686,					-8.81295e-13,					1
			]
			,"mesh": 1
			,"name": "09264-32001-4"		}
,
		{
			"mesh": 2
			,"name": "09264-32001-1"		}
,
		{
			"matrix": [
				-0.969335,					0.245742,					6.15905e-14,					0,
				-0.245742,					-0.969335,					-2.43977e-13,					0,
				-2.53639e-16,					-2.51631e-13,					1,					0,
				0,					0,					0,					1
			]
			,"mesh": 3
			,"name": "09264-32001-2"		}
,
		{
			"matrix": [
				0.971134,					0.238536,					6.02692e-14,					0,
				-0.238536,					0.971134,					2.44307e-13,					0,
				-2.53639e-16,					-2.51631e-13,					1,					0,
				0,					0,					0,					1
			]
			,"mesh": 4
			,"name": "09264-32001-3"		}
,
		{
			"matrix": [
				0.999958,					0.00918946,					2.56598e-15,					0,
				-0.00918946,					0.999958,					2.51618e-13,					0,
				-2.53639e-16,					-2.51631e-13,					1,					0,
				-0.013405,					-0.00446271,					-2.20768e-13,					1
			]
			,"mesh": 5
			,"name": "09264-32001-5"		}
,
		{
			"matrix": [
				0.374177,					0.927357,					2.33447e-13,					0,
				-0.927357,					0.374177,					9.39193e-14,					0,
				-2.53639e-16,					-2.51631e-13,					1,					0,
				-0.00100686,					-0.0140924,					-2.2321e-13,					1
			]
			,"mesh": 6
			,"name": "09264-32001-8"		}
,
		{
			"matrix": [
				-0.391157,					0.920324,					2.31483e-13,					0,
				-0.920324,					-0.391157,					-9.86607e-14,					0,
				-2.53639e-16,					-2.51631e-13,					1,					0,
				0.00925287,					-0.0106768,					-2.22378e-13,					1
			]
			,"mesh": 7
			,"name": "09264-32001-10"		}
,
		{
			"matrix": [
				0.920324,					0.391157,					9.86607e-14,					0,
				-0.391157,					0.920324,					2.31483e-13,					0,
				-2.53639e-16,					-2.51631e-13,					1,					0,
				-0.0106768,					-0.00925287,					-2.21989e-13,					1
			]
			,"mesh": 8
			,"name": "09264-32001-6"		}
,
		{
			"matrix": [
				0.700579,					0.713575,					1.79735e-13,					0,
				-0.713575,					0.700579,					1.76106e-13,					0,
				-2.53639e-16,					-2.51631e-13,					1,					0,
				-0.00632315,					-0.0126344,					-2.22877e-13,					1
			]
			,"mesh": 9
			,"name": "09264-32001-7"		}
,
		{
			"matrix": [
				-0.00918946,					0.999958,					2.51618e-13,					0,
				-0.999958,					-0.00918946,					-2.56598e-15,					0,
				-2.53639e-16,					-2.51631e-13,					1,					0,
				0.00446271,					-0.013405,					-2.23044e-13,					1
			]
			,"mesh": 10
			,"name": "09264-32001-9"		}
,
		{
			"matrix": [
				-0.374177,					-0.927357,					-2.33447e-13,					0,
				0.927357,					-0.374177,					-9.39193e-14,					0,
				-2.53639e-16,					-2.51631e-13,					1,					0,
				0.00100686,					0.0140924,					-2.1616e-13,					1
			]
			,"mesh": 11
			,"name": "09264-32001-16"		}
,
		{
			"matrix": [
				-0.927357,					0.374177,					9.39193e-14,					0,
				-0.374177,					-0.927357,					-2.33447e-13,					0,
				-2.53639e-16,					-2.51631e-13,					1,					0,
				0.0140924,					-0.00100686,					-2.19935e-13,					1
			]
			,"mesh": 12
			,"name": "09264-32001-12"		}
,
		{
			"matrix": [
				0.391157,					-0.920324,					-2.31483e-13,					0,
				0.920324,					0.391157,					9.86607e-14,					0,
				-2.53639e-16,					-2.51631e-13,					1,					0,
				-0.00925287,					0.0106768,					-2.16993e-13,					1
			]
			,"mesh": 13
			,"name": "09264-32001-18"		}
,
		{
			"matrix": [
				-0.700579,					-0.713575,					-1.79735e-13,					0,
				0.713575,					-0.700579,					-1.76106e-13,					0,
				-2.53639e-16,					-2.51631e-13,					1,					0,
				0.00632315,					0.0126344,					-2.16493e-13,					1
			]
			,"mesh": 14
			,"name": "09264-32001-15"		}
,
		{
			"matrix": [
				-0.920324,					-0.391157,					-9.86607e-14,					0,
				0.391157,					-0.920324,					-2.31483e-13,					0,
				-2.53639e-16,					-2.51631e-13,					1,					0,
				0.0106768,					0.00925287,					-2.17382e-13,					1
			]
			,"mesh": 15
			,"name": "09264-32001-14"		}
,
		{
			"matrix": [
				0.00918946,					-0.999958,					-2.51618e-13,					0,
				0.999958,					0.00918946,					2.56598e-15,					0,
				-2.53639e-16,					-2.51631e-13,					1,					0,
				-0.00446271,					0.013405,					-2.16327e-13,					1
			]
			,"mesh": 16
			,"name": "09264-32001-17"		}
,
		{
			"matrix": [
				0.713575,					-0.700579,					-1.76106e-13,					0,
				0.700579,					0.713575,					1.79735e-13,					0,
				-2.53639e-16,					-2.51631e-13,					1,					0,
				-0.0126344,					0.00632315,					-2.18103e-13,					1
			]
			,"mesh": 17
			,"name": "09264-32001-19"		}
,
		{
			"matrix": [
				-0.713575,					0.700579,					1.76106e-13,					0,
				-0.700579,					-0.713575,					-1.79735e-13,					0,
				-2.53639e-16,					-2.51631e-13,					1,					0,
				0.0126344,					-0.00632315,					-2.21267e-13,					1
			]
			,"mesh": 18
			,"name": "09264-32001-11"		}
,
		{
			"matrix": [
				-0.999958,					-0.00918946,					-2.56598e-15,					0,
				0.00918946,					-0.999958,					-2.51618e-13,					0,
				-2.53639e-16,					-2.51631e-13,					1,					0,
				0.013405,					0.00446271,					-2.18603e-13,					1
			]
			,"mesh": 19
			,"name": "09264-32001-13"		}
,
		{
			"children": [
				24, 25, 26, 27, 28, 29, 30, 31, 32, 33, 34, 35, 36, 37, 38, 39, 40, 41, 42
			]
			,"name": "09264-32001-1"		}
,
		{
			"matrix": [
				0.662259,					-0.749275,					1.35434e-17,					0,
				0.749275,					0.662259,					1.95905e-17,					0,
				-1.43357e-17,					-9.619e-19,					1,					0,
				-0.0121557,					0.00720056,					-2.67144e-19,					1
			]
			,"mesh": 20
			,"name": "09264-32001-4"		}
,
		{
			"mesh": 21
			,"name": "09264-32001-1"		}
,
		{
			"matrix": [
				-0.757225,					0.653154,					-4.39331e-18,					0,
				-0.653154,					-0.757225,					-2.59771e-18,					0,
				-5.02343e-18,					9.02463e-19,					1,					0,
				0,					0,					0,					1
			]
			,"mesh": 22
			,"name": "09264-32001-2"		}
,
		{
			"matrix": [
				0.975327,					-0.220766,					2.24405e-17,					0,
				0.220766,					0.975327,					7.97718e-18,					0,
				-1.43357e-17,					-9.619e-19,					1,					0,
				0,					0,					0,					1
			]
			,"mesh": 23
			,"name": "09264-32001-3"		}
,
		{
			"matrix": [
				0.998105,					-0.0615296,					1.46098e-17,					0,
				0.0615296,					0.998105,					1.58326e-17,					0,
				-1.02899e-17,					-7.00059e-18,					1,					0,
				-0.013687,					-0.00350382,					-5.74567e-15,					1
			]
			,"mesh": 24
			,"name": "09264-32001-6"		}
,
		{
			"matrix": [
				-0.945675,					-0.325112,					5.08326e-18,					0,
				0.325112,					-0.945675,					1.89109e-17,					0,
				-3.18223e-18,					1.02193e-17,					1,					0,
				0.0113042,					0.00847488,					-5.74555e-15,					1
			]
			,"mesh": 25
			,"name": "09264-32001-15"		}
,
		{
			"matrix": [
				0.898583,					-0.438804,					1.44504e-17,					0,
				0.438804,					0.898583,					1.78176e-17,					0,
				-2.08033e-17,					-9.66971e-18,					1,					0,
				-0.0139859,					0.00200066,					-5.74568e-15,					1
			]
			,"mesh": 26
			,"name": "09264-32001-5"		}
,
		{
			"matrix": [
				-0.998105,					0.0615296,					4.47095e-18,					0,
				-0.0615296,					-0.998105,					1.70159e-17,					0,
				2.43019e-19,					8.80552e-18,					1,					0,
				0.013687,					0.00350382,					-5.74554e-15,					1
			]
			,"mesh": 27
			,"name": "09264-32001-14"		}
,
		{
			"matrix": [
				0.325112,					-0.945675,					1.2027e-17,					0,
				0.945675,					0.325112,					2.08814e-17,					0,
				-1.43403e-17,					2.74366e-18,					1,					0,
				-0.00847488,					0.0113042,					-5.74566e-15,					1
			]
			,"mesh": 28
			,"name": "09264-32001-19"		}
,
		{
			"matrix": [
				0.945675,					0.325112,					1.39975e-17,					0,
				-0.325112,					0.945675,					1.39376e-17,					0,
				-6.86462e-18,					-8.41439e-18,					1,					0,
				-0.0113042,					-0.00847488,					-5.74565e-15,					1
			]
			,"mesh": 29
			,"name": "09264-32001-7"		}
,
		{
			"matrix": [
				0.749275,					0.662259,					1.27067e-17,					0,
				-0.662259,					0.749275,					1.24212e-17,					0,
				-3.15906e-18,					-8.40978e-18,					1,					0,
				-0.00720056,					-0.0121557,					-5.74563e-15,					1
			]
			,"mesh": 30
			,"name": "09264-32001-8"		}
,
		{
			"matrix": [
				0.438804,					0.898583,					1.09338e-17,					0,
				-0.898583,					0.438804,					1.15143e-17,					0,
				2.6266e-19,					-6.98747e-18,					1,					0,
				-0.00200066,					-0.0139859,					-5.7456e-15,					1
			]
			,"mesh": 31
			,"name": "09264-32001-9"		}
,
		{
			"matrix": [
				0.0615296,					0.998105,					8.94873e-18,					0,
				-0.998105,					0.0615296,					1.13548e-17,					0,
				2.87963e-18,					-4.36398e-18,					1,					0,
				0.00350382,					-0.013687,					-5.74557e-15,					1
			]
			,"mesh": 32
			,"name": "09264-32001-10"		}
,
		{
			"matrix": [
				-0.662259,					0.749275,					5.53739e-18,					0,
				-0.749275,					-0.662259,					1.3258e-17,					0,
				4.28882e-18,					2.76683e-18,					1,					0,
				0.0121557,					-0.00720056,					-5.74554e-15,					1
			]
			,"mesh": 33
			,"name": "09264-32001-12"		}
,
		{
			"matrix": [
				-0.898583,					0.438804,					4.63042e-18,					0,
				-0.438804,					-0.898583,					1.50309e-17,					0,
				2.8665e-18,					6.18855e-18,					1,					0,
				0.0139859,					-0.00200066,					-5.74553e-15,					1
			]
			,"mesh": 34
			,"name": "09264-32001-13"		}
,
		{
			"matrix": [
				-0.325112,					0.945675,					7.05378e-18,					0,
				-0.945675,					-0.325112,					1.19671e-17,					0,
				4.29342e-18,					-9.38731e-19,					1,					0,
				0.00847488,					-0.0113042,					-5.74555e-15,					1
			]
			,"mesh": 35
			,"name": "09264-32001-11"		}
,
		{
			"matrix": [
				-0.749275,					-0.662259,					6.37413e-18,					0,
				0.662259,					-0.749275,					2.04272e-17,					0,
				-6.88779e-18,					1.02147e-17,					1,					0,
				0.00720056,					0.0121557,					-5.74558e-15,					1
			]
			,"mesh": 36
			,"name": "09264-32001-16"		}
,
		{
			"matrix": [
				-0.438804,					-0.898583,					8.14703e-18,					0,
				0.898583,					-0.438804,					2.13342e-17,					0,
				-1.03095e-17,					8.79239e-18,					1,					0,
				0.00200066,					0.0139859,					-5.74561e-15,					1
			]
			,"mesh": 37
			,"name": "09264-32001-17"		}
,
		{
			"matrix": [
				-0.0615296,					-0.998105,					1.01321e-17,					0,
				0.998105,					-0.0615296,					2.14937e-17,					0,
				-1.29265e-17,					6.16891e-18,					1,					0,
				-0.00350382,					0.013687,					-5.74563e-15,					1
			]
			,"mesh": 38
			,"name": "09264-32001-18"		}
,
		{
			"matrix": [
				0.99057,					0.137006,					1.52656e-16,					0,
				-0.137006,					0.99057,					1.09981e-15,					0,
				-2.77556e-17,					-1.1082e-15,					1,					0,
				7.6367e-05,					-0.0292499,					0.0565,					1
			]
			,"mesh": 39
			,"name": "09169-28010-1"		}
,
		{
			"matrix": [
				0.894116,					-0.447836,					-5.27356e-16,					0,
				0.447836,					0.894116,					8.88178e-16,					0,
				1.11022e-16,					-1.02294e-15,					1,					0,
				7.6367e-05,					-0.0292499,					0.035,					1
			]
			,"mesh": 40
			,"name": "09169-28009-1"		}
,
		{
			"matrix": [
				0.99057,					0.137006,					1.52656e-16,					0,
				-0.137006,					0.99057,					1.09981e-15,					0,
				-2.77556e-17,					-1.1082e-15,					1,					0,
				-7.6367e-05,					0.0292499,					-0.0382,					1
			]
			,"mesh": 41
			,"name": "09169-28010-2"		}
,
		{
			"children": [
				47, 48, 49, 50, 51, 52, 53, 54, 55, 56, 57, 58
			]
			,"matrix": [
				-0.00261084,					0.999997,					1.87515e-16,					0,
				-0.999997,					-0.00261084,					-1.16276e-15,					0,
				-1.16226e-15,					-1.9055e-16,					1,					0,
				8.6591e-17,					2.08459e-17,					-0.10845,					1
			]
			,"name": "12200-45002-1"		}
,
		{
			"matrix": [
				-1.00484e-15,					-1,					-1.08941e-15,					0,
				-1,					1.00484e-15,					2.77556e-17,					0,
				-2.77556e-17,					1.08941e-15,					-1,					0,
				1.45933e-16,					8.81243e-16,					0.13395,					1
			]
			,"mesh": 42
			,"name": "12230-45001-1"		}
,
		{
			"matrix": [
				8.13585e-16,					-1,					-7.15975e-16,					0,
				1,					8.16187e-16,					1.00369e-16,					0,
				-1.07126e-16,					-6.60464e-16,					1,					0,
				-1.27178e-17,					-5.1695e-18,					-0.077,					1
			]
			,"mesh": 43
			,"name": "12241-45001-2"		}
,
		{
			"matrix": [
				-3.72532e-16,					1,					1.29757e-15,					0,
				1,					-1.29756e-31,					-7.59218e-17,					0,
				-7.87736e-17,					1.32533e-15,					-1,					0,
				-8.49168e-19,					1.35719e-17,					0.03825,					1
			]
			,"mesh": 44
			,"name": "12250-45000-1"		}
,
		{
			"matrix": [
				-1,					1.33877e-15,					1.36272e-16,					0,
				-1.33877e-15,					-1,					-1.07553e-15,					0,
				1.36272e-16,					-1.07553e-15,					1,					0,
				4.12529e-18,					-3.69241e-17,					0.09725,					1
			]
			,"mesh": 45
			,"name": "21111-45001-1"		}
,
		{
			"matrix": [
				1.35389e-15,					1.4217e-15,					-1,					0,
				0.986118,					0.166044,					1.57116e-15,					0,
				0.166044,					-0.986118,					-1.17716e-15,					0,
				9.59495e-13,					0.035,					0.10465,					1
			]
			,"mesh": 46
			,"name": "09106-08006-1"		}
,
		{
			"matrix": [
				1.12783e-31,					-1,					-5.61294e-16,					0,
				1,					-2.69206e-31,					4.40089e-17,					0,
				-4.40089e-17,					-5.61294e-16,					1,					0,
				-1.14457e-17,					-5.3323e-18,					-0.03825,					1
			]
			,"mesh": 47
			,"name": "12250-45000-2"		}
,
		{
			"matrix": [
				1.35389e-15,					1.4217e-15,					-1,					0,
				0.986118,					0.166044,					1.57116e-15,					0,
				0.166044,					-0.986118,					-1.17716e-15,					0,
				-9.59519e-13,					-0.035,					0.10465,					1
			]
			,"mesh": 48
			,"name": "09106-08006-2"		}
,
		{
			"matrix": [
				9.85757e-16,					1,					1.14492e-15,					0,
				1,					-9.90961e-16,					-5.17049e-17,					0,
				-4.92693e-17,					1.11716e-15,					-1,					0,
				2.5301e-18,					-1.6869e-17,					0.079,					1
			]
			,"mesh": 49
			,"name": "12241-45001-1"		}
,
		{
			"mesh": 50
			,"name": "12281-45000-1"		}
,
		{
			"matrix": [
				-1.00527e-15,					-1,					-1.08941e-15,					0,
				-1,					1.00527e-15,					2.77556e-17,					0,
				-2.77556e-17,					1.08941e-15,					-1,					0,
				2.11222e-14,					2.1861e-14,					0.17445,					1
			]
			,"mesh": 51
			,"name": "12220-45001-1"		}
,
		{
			"matrix": [
				-8.15754e-16,					1,					2.52652e-13,					0,
				-1,					-8.15754e-16,					-1.07126e-16,					0,
				-1.07126e-16,					-2.52652e-13,					1,					0,
				-1.28302e-12,					-1.27569e-12,					-0.17245,					1
			]
			,"mesh": 52
			,"name": "12261-45000-1"		}
,
		{
			"matrix": [
				-8.1532e-16,					1,					2.52652e-13,					0,
				-1,					-8.1532e-16,					-1.07126e-16,					0,
				-1.07126e-16,					-2.52652e-13,					1,					0,
				-5.8773e-13,					-5.87551e-13,					-0.13195,					1
			]
			,"mesh": 53
			,"name": "12230-45000-1"		}
,
		{
			"children": [
				60, 61, 62, 63, 64, 65, 66, 67, 68, 69, 70, 71, 72, 73, 74, 75, 76, 77, 78
			]
			,"matrix": [
				-1,					-1.99737e-35,					1.51308e-17,					0,
				2.5105e-34,					1,					1.46117e-18,					0,
				-1.51308e-17,					1.46117e-18,					-1,					0,
				1.3165e-16,					1.47798e-17,					-0.1202,					1
			]
			,"name": "09264-32001-3"		}
,
		{
			"matrix": [
				-0.99094,					0.134309,					-1.64432e-16,					0,
				-0.134309,					-0.99094,					6.88366e-16,					0,
				-7.04886e-17,					7.04213e-16,					1,					0,
				0,					0,					0,					1
			]
			,"mesh": 54
			,"name": "09264-32001-2"		}
,
		{
			"matrix": [
				0.963787,					-0.266674,					2.55731e-16,					0,
				0.266674,					0.963787,					-6.59914e-16,					0,
				-7.04886e-17,					7.04213e-16,					1,					0,
				-0.0141157,					-0.000596654,					1.36621e-11,					1
			]
			,"mesh": 55
			,"name": "09264-32001-4"		}
,
		{
			"matrix": [
				0.937845,					0.347053,					-1.78292e-16,					0,
				-0.347053,					0.937845,					-6.84907e-16,					0,
				-7.04886e-17,					7.04213e-16,					1,					0,
				0,					0,					0,					1
			]
			,"mesh": 56
			,"name": "09264-32001-3"		}
,
		{
			"mesh": 57
			,"name": "09264-32001-1"		}
,
		{
			"matrix": [
				0.266674,					0.963787,					-6.59914e-16,					0,
				-0.963787,					0.266674,					-2.55731e-16,					0,
				-7.04886e-17,					7.04213e-16,					1,					0,
				0.000596654,					-0.0141157,					3.41555e-12,					1
			]
			,"mesh": 58
			,"name": "09264-32001-8"		}
,
		{
			"matrix": [
				-0.992475,					-0.122451,					1.62735e-17,					0,
				0.122451,					-0.992475,					7.07545e-16,					0,
				-7.04886e-17,					7.04213e-16,					1,					0,
				0.0128129,					0.00595309,					3.41553e-12,					1
			]
			,"mesh": 59
			,"name": "09264-32001-13"		}
,
		{
			"matrix": [
				0.615199,					0.788371,					-5.11817e-16,					0,
				-0.788371,					0.615199,					-4.88803e-16,					0,
				-7.04886e-17,					7.04213e-16,					1,					0,
				-0.00485061,					-0.0132696,					3.41555e-12,					1
			]
			,"mesh": 60
			,"name": "09264-32001-7"		}
,
		{
			"matrix": [
				-0.870067,					-0.492934,					2.85801e-16,					0,
				0.492934,					-0.870067,					6.47459e-16,					0,
				-7.04886e-17,					7.04213e-16,					1,					0,
				0.00955942,					0.0104032,					3.41553e-12,					1
			]
			,"mesh": 61
			,"name": "09264-32001-14"		}
,
		{
			"matrix": [
				-0.266674,					-0.963787,					6.59914e-16,					0,
				0.963787,					-0.266674,					2.55731e-16,					0,
				-7.04886e-17,					7.04213e-16,					1,					0,
				-0.000596654,					0.0141157,					3.41552e-12,					1
			]
			,"mesh": 62
			,"name": "09264-32001-16"		}
,
		{
			"matrix": [
				0.122451,					-0.992475,					7.07545e-16,					0,
				0.992475,					0.122451,					-1.62735e-17,					0,
				-7.04886e-17,					7.04213e-16,					1,					0,
				-0.00595309,					0.0128129,					3.41552e-12,					1
			]
			,"mesh": 63
			,"name": "09264-32001-17"		}
,
		{
			"matrix": [
				-0.615199,					-0.788371,					5.11817e-16,					0,
				0.788371,					-0.615199,					4.88803e-16,					0,
				-7.04886e-17,					7.04213e-16,					1,					0,
				0.00485061,					0.0132696,					3.41552e-12,					1
			]
			,"mesh": 64
			,"name": "09264-32001-15"		}
,
		{
			"matrix": [
				0.492934,					-0.870067,					6.47459e-16,					0,
				0.870067,					0.492934,					-2.85801e-16,					0,
				-7.04886e-17,					7.04213e-16,					1,					0,
				-0.0104032,					0.00955942,					3.41552e-12,					1
			]
			,"mesh": 65
			,"name": "09264-32001-18"		}
,
		{
			"matrix": [
				0.992475,					0.122451,					-1.62735e-17,					0,
				-0.122451,					0.992475,					-7.07545e-16,					0,
				-7.04886e-17,					7.04213e-16,					1,					0,
				-0.0128129,					-0.00595309,					3.41553e-12,					1
			]
			,"mesh": 66
			,"name": "09264-32001-5"		}
,
		{
			"matrix": [
				0.788371,					-0.615199,					4.88803e-16,					0,
				0.615199,					0.788371,					-5.11817e-16,					0,
				-7.04886e-17,					7.04213e-16,					1,					0,
				-0.0132696,					0.00485061,					3.41553e-12,					1
			]
			,"mesh": 67
			,"name": "09264-32001-19"		}
,
		{
			"matrix": [
				0.870067,					0.492934,					-2.85801e-16,					0,
				-0.492934,					0.870067,					-6.47459e-16,					0,
				-7.04886e-17,					7.04213e-16,					1,					0,
				-0.00955942,					-0.0104032,					3.41553e-12,					1
			]
			,"mesh": 68
			,"name": "09264-32001-6"		}
,
		{
			"matrix": [
				-0.492934,					0.870067,					-6.47459e-16,					0,
				-0.870067,					-0.492934,					2.85801e-16,					0,
				-7.04886e-17,					7.04213e-16,					1,					0,
				0.0104032,					-0.00955942,					3.41555e-12,					1
			]
			,"mesh": 69
			,"name": "09264-32001-10"		}
,
		{
			"matrix": [
				-0.788371,					0.615199,					-4.88803e-16,					0,
				-0.615199,					-0.788371,					5.11817e-16,					0,
				-7.04886e-17,					7.04213e-16,					1,					0,
				0.0132696,					-0.00485061,					3.41553e-12,					1
			]
			,"mesh": 70
			,"name": "09264-32001-11"		}
,
		{
			"matrix": [
				-0.122451,					0.992475,					-7.07545e-16,					0,
				-0.992475,					-0.122451,					1.62735e-17,					0,
				-7.04886e-17,					7.04213e-16,					1,					0,
				0.00595309,					-0.0128129,					3.41555e-12,					1
			]
			,"mesh": 71
			,"name": "09264-32001-9"		}
,
		{
			"matrix": [
				-0.963787,					0.266674,					-2.55731e-16,					0,
				-0.266674,					-0.963787,					6.59914e-16,					0,
				-7.04886e-17,					7.04213e-16,					1,					0,
				0.0141157,					0.000596654,					3.41553e-12,					1
			]
			,"mesh": 72
			,"name": "09264-32001-12"		}
,
		{
			"children": [
				80, 81, 82, 83, 84, 85, 86, 87, 88, 89, 90, 91, 92
			]
			,"matrix": [
				-0.293626,					-0.955921,					-1.14103e-15,					0,
				-0.955921,					0.293626,					4.04537e-16,					0,
				-5.1671e-17,					1.20951e-15,					-1,					0,
				-9.62919e-16,					1.4401e-16,					0.0865,					1
			]
			,"name": "09262-30033-1"		}
,
		{
			"matrix": [
				0.999995,					-0.00312449,					-1.97215e-31,					0,
				0.00312449,					0.999995,					1.47911e-31,					0,
				-1.97215e-31,					9.86076e-32,					1,					0,
				0,					0,					0,					1
			]
			,"mesh": 73
			,"name": "09262-30033-14"		}
,
		{
			"mesh": 74
			,"name": "09262-30033-2"		}
,
		{
			"matrix": [
				-0.338835,					-0.940846,					4.8e-16,					0,
				0.940846,					-0.338835,					5.26429e-16,					0,
				-3.32648e-16,					6.29978e-16,					1,					0,
				0,					0,					0,					1
			]
			,"mesh": 75
			,"name": "09262-30033-15"		}
,
		{
			"matrix": [
				0.425686,					-0.904871,					-2.6471e-21,					0,
				-0.904871,					-0.425686,					-1.33049e-21,					0,
				7.70881e-23,					2.96165e-21,					-1,					0,
				0,					0,					0,					1
			]
			,"mesh": 76
			,"name": "09262-30033-16"		}
,
		{
			"matrix": [
				0.628002,					0.247712,					-0.737734,					0,
				0.127613,					-0.967934,					-0.216375,					0,
				-0.767677,					0.0417395,					-0.639476,					0,
				0.00554458,					0.0501055,					0.00567985,					1
			]
			,"mesh": 77
			,"name": "09262-30033-17"		}
,
		{
			"matrix": [
				-0.407672,					0.746526,					0.525835,					0,
				0.902462,					0.241635,					0.356617,					0,
				0.139164,					0.619928,					-0.772219,					0,
				0.00100759,					-0.0152373,					-0.00936119,					1
			]
			,"mesh": 78
			,"name": "09262-30033-18"		}
,
		{
			"matrix": [
				0.407672,					-0.746526,					0.525835,					0,
				-0.902462,					-0.241635,					0.356617,					0,
				-0.139164,					-0.619928,					-0.772219,					0,
				-0.00100759,					0.0152373,					-0.00936119,					1
			]
			,"mesh": 79
			,"name": "09262-30033-22"		}
,
		{
			"matrix": [
				0.239606,					0.816142,					0.525835,					0,
				0.808999,					-0.467275,					0.356617,					0,
				0.536759,					0.339952,					-0.772219,					0,
				-0.010062,					-0.0114869,					-0.00936119,					1
			]
			,"mesh": 80
			,"name": "09262-30033-25"		}
,
		{
			"matrix": [
				-0.816142,					0.239606,					0.525835,					0,
				0.467275,					0.808999,					0.356617,					0,
				-0.339952,					0.536759,					-0.772219,					0,
				0.0114869,					-0.010062,					-0.00936119,					1
			]
			,"mesh": 81
			,"name": "09262-30033-19"		}
,
		{
			"matrix": [
				-0.746526,					-0.407672,					0.525835,					0,
				-0.241635,					0.902462,					0.356617,					0,
				-0.619928,					0.139164,					-0.772219,					0,
				0.0152373,					0.00100759,					-0.00936119,					1
			]
			,"mesh": 82
			,"name": "09262-30033-20"		}
,
		{
			"matrix": [
				0.816142,					-0.239606,					0.525835,					0,
				-0.467275,					-0.808999,					0.356617,					0,
				0.339952,					-0.536759,					-0.772219,					0,
				-0.0114869,					0.010062,					-0.00936119,					1
			]
			,"mesh": 83
			,"name": "09262-30033-23"		}
,
		{
			"matrix": [
				-0.239606,					-0.816142,					0.525835,					0,
				-0.808999,					0.467275,					0.356617,					0,
				-0.536759,					-0.339952,					-0.772219,					0,
				0.010062,					0.0114869,					-0.00936119,					1
			]
			,"mesh": 84
			,"name": "09262-30033-21"		}
,
		{
			"matrix": [
				0.746526,					0.407672,					0.525835,					0,
				0.241635,					-0.902462,					0.356617,					0,
				0.619928,					-0.139164,					-0.772219,					0,
				-0.0152373,					-0.00100759,					-0.00936119,					1
			]
			,"mesh": 85
			,"name": "09262-30033-24"		}
,
		{
			"matrix": [
				0.661594,					0.749862,					1.02696e-15,					0,
				0.749862,					-0.661594,					-5.41234e-16,					0,
				2.91434e-16,					1.13456e-15,					-1,					0,
				-7.6367e-05,					0.0292499,					-0.0597,					1
			]
			,"mesh": 86
			,"name": "09169-28009-2"		}
,
		{
			"matrix": [
				0.661594,					0.749862,					1.02696e-15,					0,
				0.749862,					-0.661594,					-5.41234e-16,					0,
				2.91434e-16,					1.13456e-15,					-1,					0,
				-7.6367e-05,					0.0292499,					-0.1572,					1
			]
			,"mesh": 87
			,"name": "09169-28009-3"		}
,
		{
			"matrix": [
				0.996449,					-0.0841996,					-2.22045e-16,					0,
				0.0841996,					0.996449,					1.12237e-15,					0,
				1.38778e-16,					-1.14108e-15,					1,					0,
				-7.6367e-05,					0.0292499,					-0.1767,					1
			]
			,"mesh": 88
			,"name": "09169-28010-3"		}
,
		{
			"children": [
				97, 98, 99, 100, 101, 102, 103, 104, 105, 106, 107, 108, 109, 110, 111, 112, 113, 114, 115
			]
			,"matrix": [
				1,					0,					0,					0,
				0,					1,					0,					0,
				0,					0,					1,					0,
				2.78347e-17,					1.35443e-17,					-0.0967,					1
			]
			,"name": "09264-32001-2"		}
,
		{
			"mesh": 89
			,"name": "09264-32001-1"		}
,
		{
			"matrix": [
				-0.829233,					0.558904,					0,					0,
				-0.558904,					-0.829233,					0,					0,
				0,					0,					1,					0,
				0,					0,					0,					1
			]
			,"mesh": 90
			,"name": "09264-32001-2"		}
,
		{
			"matrix": [
				0.746316,					-0.665592,					0,					0,
				0.665592,					0.746316,					0,					0,
				0,					0,					1,					0,
				-0.0129228,					0.00571066,					2.26208e-15,					1
			]
			,"mesh": 91
			,"name": "09264-32001-4"		}
,
		{
			"matrix": [
				0.994605,					-0.103733,					0,					0,
				0.103733,					0.994605,					0,					0,
				0,					0,					1,					0,
				0,					0,					0,					1
			]
			,"mesh": 92
			,"name": "09264-32001-3"		}
,
		{
			"matrix": [
				0.944217,					-0.329324,					0,					0,
				0.329324,					0.944217,					0,					0,
				0,					0,					1,					0,
				-0.0141245,					0.000330631,					2.26208e-15,					1
			]
			,"mesh": 93
			,"name": "09264-32001-5"		}
,
		{
			"matrix": [
				0.99837,					0.0570803,					0,					0,
				-0.0570803,					0.99837,					0,					0,
				0,					0,					1,					0,
				-0.0131758,					-0.00509973,					2.26208e-15,					1
			]
			,"mesh": 94
			,"name": "09264-32001-6"		}
,
		{
			"matrix": [
				0.665592,					0.746316,					0,					0,
				-0.746316,					0.665592,					0,					0,
				0,					0,					1,					0,
				-0.00571066,					-0.0129228,					2.26208e-15,					1
			]
			,"mesh": 95
			,"name": "09264-32001-8"		}
,
		{
			"matrix": [
				0.329324,					0.944217,					0,					0,
				-0.944217,					0.329324,					0,					0,
				0,					0,					1,					0,
				-0.000330631,					-0.0141245,					2.26208e-15,					1
			]
			,"mesh": 96
			,"name": "09264-32001-9"		}
,
		{
			"matrix": [
				0.90053,					0.434795,					0,					0,
				-0.434795,					0.90053,					0,					0,
				0,					0,					1,					0,
				-0.0102213,					-0.0097537,					2.26208e-15,					1
			]
			,"mesh": 97
			,"name": "09264-32001-7"		}
,
		{
			"matrix": [
				-0.99837,					-0.0570803,					0,					0,
				0.0570803,					-0.99837,					0,					0,
				0,					0,					1,					0,
				0.0131758,					0.00509973,					2.26208e-15,					1
			]
			,"mesh": 98
			,"name": "09264-32001-14"		}
,
		{
			"matrix": [
				-0.665592,					-0.746316,					0,					0,
				0.746316,					-0.665592,					0,					0,
				0,					0,					1,					0,
				0.00571066,					0.0129228,					2.26208e-15,					1
			]
			,"mesh": 99
			,"name": "09264-32001-16"		}
,
		{
			"matrix": [
				-0.0570803,					0.99837,					0,					0,
				-0.99837,					-0.0570803,					0,					0,
				0,					0,					1,					0,
				0.00509973,					-0.0131758,					2.26208e-15,					1
			]
			,"mesh": 100
			,"name": "09264-32001-10"		}
,
		{
			"matrix": [
				-0.434795,					0.90053,					0,					0,
				-0.90053,					-0.434795,					0,					0,
				0,					0,					1,					0,
				0.0097537,					-0.0102213,					2.26208e-15,					1
			]
			,"mesh": 101
			,"name": "09264-32001-11"		}
,
		{
			"matrix": [
				-0.746316,					0.665592,					0,					0,
				-0.665592,					-0.746316,					0,					0,
				0,					0,					1,					0,
				0.0129228,					-0.00571066,					2.26208e-15,					1
			]
			,"mesh": 102
			,"name": "09264-32001-12"		}
,
		{
			"matrix": [
				-0.944217,					0.329324,					0,					0,
				-0.329324,					-0.944217,					0,					0,
				0,					0,					1,					0,
				0.0141245,					-0.000330631,					2.26208e-15,					1
			]
			,"mesh": 103
			,"name": "09264-32001-13"		}
,
		{
			"matrix": [
				-0.90053,					-0.434795,					0,					0,
				0.434795,					-0.90053,					0,					0,
				0,					0,					1,					0,
				0.0102213,					0.0097537,					2.26208e-15,					1
			]
			,"mesh": 104
			,"name": "09264-32001-15"		}
,
		{
			"matrix": [
				-0.329324,					-0.944217,					0,					0,
				0.944217,					-0.329324,					0,					0,
				0,					0,					1,					0,
				0.000330631,					0.0141245,					2.26208e-15,					1
			]
			,"mesh": 105
			,"name": "09264-32001-17"		}
,
		{
			"matrix": [
				0.0570803,					-0.99837,					0,					0,
				0.99837,					0.0570803,					0,					0,
				0,					0,					1,					0,
				-0.00509973,					0.0131758,					2.26208e-15,					1
			]
			,"mesh": 106
			,"name": "09264-32001-18"		}
,
		{
			"matrix": [
				0.434795,					-0.90053,					0,					0,
				0.90053,					0.434795,					0,					0,
				0,					0,					1,					0,
				-0.0097537,					0.0102213,					2.26208e-15,					1
			]
			,"mesh": 107
			,"name": "09264-32001-19"		}
,
		{
			"children": [
				117, 118, 119, 120, 121, 122, 123, 124, 125, 126, 127, 128, 129, 130, 131, 132, 133, 134, 135
			]
			,"matrix": [
				-1,					-2.44929e-16,					-5.92952e-17,					0,
				-2.44929e-16,					1,					2.52892e-13,					0,
				5.92952e-17,					2.52892e-13,					-1,					0,
				2.6959e-16,					5.42692e-14,					-0.2149,					1
			]
			,"name": "09264-32001-4"		}
,
		{
			"matrix": [
				0.622566,					0.782567,					1.97426e-13,					0,
				-0.782567,					0.622566,					1.57419e-13,					0,
				2.80417e-16,					-2.52503e-13,					1,					0,
				0,					0,					0,					1
			]
			,"mesh": 108
			,"name": "09264-32001-2"		}
,
		{
			"mesh": 109
			,"name": "09264-32001-1"		}
,
		{
			"matrix": [
				-0.722382,					-0.691494,					-1.74402e-13,					0,
				0.691494,					-0.722382,					-1.82598e-13,					0,
				2.80417e-16,					-2.52503e-13,					1,					0,
				0.00671212,					0.0124321,					3.13638e-15,					1
			]
			,"mesh": 110
			,"name": "09264-32001-4"		}
,
		{
			"matrix": [
				-0.181857,					-0.983325,					-2.48242e-13,					0,
				0.983325,					-0.181857,					-4.61951e-14,					0,
				2.80417e-16,					-2.52503e-13,					1,					0,
				0,					0,					0,					1
			]
			,"mesh": 111
			,"name": "09264-32001-3"		}
,
		{
			"matrix": [
				0.402771,					0.915301,					2.31003e-13,					0,
				-0.915301,					0.402771,					1.01958e-13,					0,
				2.80417e-16,					-2.52503e-13,					1,					0,
				-0.00144363,					-0.0140544,					-3.55271e-15,					1
			]
			,"mesh": 112
			,"name": "09264-32001-13"		}
,
		{
			"matrix": [
				0.691494,					-0.722382,					-1.82598e-13,					0,
				0.722382,					0.691494,					1.74402e-13,					0,
				2.80417e-16,					-2.52503e-13,					1,					0,
				-0.0124321,					0.00671212,					1.69309e-15,					1
			]
			,"mesh": 113
			,"name": "09264-32001-8"		}
,
		{
			"matrix": [
				0.932018,					0.362413,					9.12491e-14,					0,
				-0.362413,					0.932018,					2.35439e-13,					0,
				2.80417e-16,					-2.52503e-13,					1,					0,
				-0.0109587,					-0.00891714,					-2.2482e-15,					1
			]
			,"mesh": 114
			,"name": "09264-32001-11"		}
,
		{
			"matrix": [
				-0.0218416,					-0.999761,					-2.52437e-13,					0,
				0.999761,					-0.0218416,					-5.79542e-15,					0,
				2.80417e-16,					-2.52503e-13,					1,					0,
				-0.00404463,					0.013537,					3.41394e-15,					1
			]
			,"mesh": 115
			,"name": "09264-32001-6"		}
,
		{
			"matrix": [
				-0.362413,					0.932018,					2.35439e-13,					0,
				-0.932018,					-0.362413,					-9.12491e-14,					0,
				2.80417e-16,					-2.52503e-13,					1,					0,
				0.00891714,					-0.0109587,					-2.77556e-15,					1
			]
			,"mesh": 116
			,"name": "09264-32001-15"		}
,
		{
			"matrix": [
				-0.915301,					0.402771,					1.01958e-13,					0,
				-0.402771,					-0.915301,					-2.31003e-13,					0,
				2.80417e-16,					-2.52503e-13,					1,					0,
				0.0140544,					-0.00144363,					-3.60822e-16,					1
			]
			,"mesh": 117
			,"name": "09264-32001-17"		}
,
		{
			"matrix": [
				-0.402771,					-0.915301,					-2.31003e-13,					0,
				0.915301,					-0.402771,					-1.01958e-13,					0,
				2.80417e-16,					-2.52503e-13,					1,					0,
				0.00144363,					0.0140544,					3.55271e-15,					1
			]
			,"mesh": 118
			,"name": "09264-32001-5"		}
,
		{
			"matrix": [
				-0.999761,					0.0218416,					5.79542e-15,					0,
				-0.0218416,					-0.999761,					-2.52437e-13,					0,
				2.80417e-16,					-2.52503e-13,					1,					0,
				0.013537,					0.00404463,					1.02696e-15,					1
			]
			,"mesh": 119
			,"name": "09264-32001-18"		}
,
		{
			"matrix": [
				0.0218416,					0.999761,					2.52437e-13,					0,
				-0.999761,					0.0218416,					5.79542e-15,					0,
				2.80417e-16,					-2.52503e-13,					1,					0,
				0.00404463,					-0.013537,					-3.41394e-15,					1
			]
			,"mesh": 120
			,"name": "09264-32001-14"		}
,
		{
			"matrix": [
				0.362413,					-0.932018,					-2.35439e-13,					0,
				0.932018,					0.362413,					9.12491e-14,					0,
				2.80417e-16,					-2.52503e-13,					1,					0,
				-0.00891714,					0.0109587,					2.77556e-15,					1
			]
			,"mesh": 121
			,"name": "09264-32001-7"		}
,
		{
			"matrix": [
				0.722382,					0.691494,					1.74402e-13,					0,
				-0.691494,					0.722382,					1.82598e-13,					0,
				2.80417e-16,					-2.52503e-13,					1,					0,
				-0.00671212,					-0.0124321,					-3.13638e-15,					1
			]
			,"mesh": 122
			,"name": "09264-32001-12"		}
,
		{
			"matrix": [
				-0.691494,					0.722382,					1.82598e-13,					0,
				-0.722382,					-0.691494,					-1.74402e-13,					0,
				2.80417e-16,					-2.52503e-13,					1,					0,
				0.0124321,					-0.00671212,					-1.69309e-15,					1
			]
			,"mesh": 123
			,"name": "09264-32001-16"		}
,
		{
			"matrix": [
				-0.932018,					-0.362413,					-9.12491e-14,					0,
				0.362413,					-0.932018,					-2.35439e-13,					0,
				2.80417e-16,					-2.52503e-13,					1,					0,
				0.0109587,					0.00891714,					2.2482e-15,					1
			]
			,"mesh": 124
			,"name": "09264-32001-19"		}
,
		{
			"matrix": [
				0.999761,					-0.0218416,					-5.79542e-15,					0,
				0.0218416,					0.999761,					2.52437e-13,					0,
				2.80417e-16,					-2.52503e-13,					1,					0,
				-0.013537,					-0.00404463,					-1.02696e-15,					1
			]
			,"mesh": 125
			,"name": "09264-32001-10"		}
,
		{
			"matrix": [
				0.915301,					-0.402771,					-1.01958e-13,					0,
				0.402771,					0.915301,					2.31003e-13,					0,
				2.80417e-16,					-2.52503e-13,					1,					0,
				-0.0140544,					0.00144363,					3.60822e-16,					1
			]
			,"mesh": 126
			,"name": "09264-32001-9"		}
,
		{
			"matrix": [
				0.661594,					0.749862,					1.02696e-15,					0,
				0.749862,					-0.661594,					-5.41234e-16,					0,
				2.91434e-16,					1.13456e-15,					-1,					0,
				7.6367e-05,					-0.0292499,					-0.2499,					1
			]
			,"mesh": 127
			,"name": "09169-28009-4"		}
,
		{
			"matrix": [
				1,					1.2767e-12,					0,					0,
				-1.2767e-12,					1,					0,					0,
				0,					0,					1,					0,
				-9.61899e-16,					1.20122e-16,					0.096,					1
			]
			,"mesh": 128
			,"name": "09283-30021-1"		}
,
		{
			"matrix": [
				-0.837169,					-3.385e-16,					-0.546944,					0,
				-2.44929e-16,					1,					-2.43998e-16,					0,
				0.546944,					-7.03046e-17,					-0.837169,					0,
				2.57124e-17,					0.038,					-0.0882,					1
			]
			,"mesh": 129
			,"name": "04221-07129-2"		}
,
		{
			"children": [
				140, 141, 152
			]
			,"matrix": [
				-1,					8.32667e-17,					2.71539e-16,					0,
				2.77556e-17,					1,					2.59576e-15,					0,
				-2.51113e-16,					2.57972e-15,					-1,					0,
				-7.6367e-05,					0.0292499,					-0.0487,					1
			]
			,"name": "piston-connection rod assy-2"		}
,
		{
			"matrix": [
				1,					0.000636391,					-4.84637e-16,					0,
				-0.000636391,					1,					1.954e-15,					0,
				4.65455e-16,					-1.96973e-15,					1,					0,
				0,					0,					0,					1
			]
			,"mesh": 130
			,"name": "1261-45000-1"		}
,
		{
			"children": [
				142, 148, 149, 150, 151
			]
			,"matrix": [
				-1.25902e-14,					-1.10296e-14,					1,					0,
				3.43753e-14,					1,					1.09975e-14,					0,
				-1,					3.42643e-14,					-1.25493e-14,					0,
				-7.6367e-05,					0.1562,					1.43635e-15,					1
			]
			,"name": "12111-45002-1"		}
,
		{
			"children": [
				143, 144, 145, 146, 147
			]
			,"matrix": [
				0.858599,					1.46838e-17,					-0.512648,					0,
				-1.60423e-17,					1,					-5.55112e-17,					0,
				0.512648,					-5.58859e-17,					0.858599,					0,
				0,					-0.023975,					-1.01209e-18,					1
			]
			,"name": "12140-45013-1"		}
,
		{
			"matrix": [
				0.985865,					5.11304e-18,					0.167541,					0,
				-0.167541,					-5.75561e-17,					0.985865,					0,
				1.46838e-17,					-1,					-5.58859e-17,					0,
				6.93889e-18,					0.002825,					0,					1
			]
			,"mesh": 131
			,"name": "12111-45013-5"		}
,
		{
			"matrix": [
				0.798511,					-2.1917e-17,					0.60198,					0,
				-0.60198,					-5.34648e-17,					0.798511,					0,
				-1.46838e-17,					-1,					5.58859e-17,					0,
