{
	"asset": {
		"generator": "SOLIDWORKSGLTF",
		"version" : "2.0"
	},
"extensionsUsed": [ "KHR_lights_punctual", "Solidworks_custom_properties", "KHR_draco_mesh_compression"],
"extensionsRequired": [ "KHR_draco_mesh_compression" ],
	"scene" : 0,
	"scenes": [
		{
			"name": "Default - Display State-1",
			"nodes": [
				0, 1]
		}
	],
	"nodes": [
		{
			"matrix": [
				0.517839,					-0.0353165,					-0.854749,					0,
				-0.375285,					0.888497,					-0.264073,					0,
				0.768768,					0.457521,					0.446845,					0,
				4.73904,					2.83894,					2.95996,					1
			]
			,"camera": 0
			,"name": "current"		}
,
		{
			"children": [
				2, 3, 4, 18, 19, 20, 21, 22
			]
			,"name": "Final Assembly"		}
,
		{
			"matrix": [
				-3.39968e-15,					5.38998e-16,					-1,					0,
				-0.991423,					0.130696,					3.44096e-15,					0,
				0.130696,					0.991423,					9.00514e-17,					0,
				0.0468788,					-0.0375333,					0.113606,					1
			]
			,"mesh": 0
			,"name": "Connecting Rod-1"		}
,
		{
			"matrix": [
				3.03116e-15,					-4.99188e-16,					1,					0,
				-0.130696,					-0.991423,					-9.87468e-17,					0,
				0.991423,					-0.130696,					-3.0704e-15,					0,
				0.0338093,					-0.136676,					0.113606,					1
			]
			,"mesh": 1
			,"name": "Cap-1"		}
,
		{
			"children": [
				5, 6, 7, 8, 9, 10, 11, 12, 13, 14, 15, 16, 17
			]
			,"matrix": [
				0.942608,					0.333902,					-3.09083e-15,					0,
				0.333902,					-0.942608,					-2.06412e-15,					0,
				-3.60266e-15,					9.13622e-16,					-1,					0,
				-0.0285157,					0.278715,					0.113606,					1
			]
			,"name": "Valve SubAssembly-2"		}
,
		{
			"matrix": [
				-0.886363,					-0.26265,					-0.38128,					0,
				0.284112,					-0.958791,					8.81486e-16,					0,
				-0.365568,					-0.108326,					0.924459,					0,
				0.0414587,					0.0218878,					0.03,					1
			]
			,"mesh": 2
			,"name": "Opening Shim-3"		}
,
		{
			"matrix": [
				-0.858766,					-0.254472,					-0.444707,					0,
				0.284112,					-0.958791,					9.15061e-16,					0,
				-0.426381,					-0.126347,					0.895676,					0,
				0.0414587,					0.0218878,					-0.03,					1
			]
			,"mesh": 3
			,"name": "Opening Shim-2"		}
,
		{
			"matrix": [
				-0.871308,					-0.490736,					1.9799e-16,					0,
				0.490736,					-0.871308,					-2.63864e-17,					0,
				1.85459e-16,					7.417e-17,					1,					0,
				0.0596344,					0.0579592,					0.00125,					1
			]
			,"mesh": 4
			,"name": "Rocker Shafts-1-1"		}
,
		{
			"matrix": [
				-0.958791,					-0.284112,					1.76078e-15,					0,
				0.284112,					-0.958791,					9.43235e-16,					0,
				1.42024e-15,					1.40462e-15,					1,					0,
				0.0699686,					0.0662364,					0.045,					1
			]
			,"mesh": 5
			,"name": "Opening Rocker Arm-2-1"		}
,
		{
			"mesh": 6
			,"name": "Rocker Shafts-2-1"		}
,
		{
			"matrix": [
				0.942608,					0.333902,					-3.60266e-15,					0,
				0.333902,					-0.942608,					9.13622e-16,					0,
				-3.09083e-15,					-2.06412e-15,					-1,					0,
				1.11022e-16,					-6.10623e-16,					0.03,					1
			]
			,"mesh": 7
			,"name": "Rocker Arm-1"		}
,
		{
			"matrix": [
				0.942608,					0.333902,					-3.60266e-15,					0,
				0.333902,					-0.942608,					9.13622e-16,					0,
				-3.09083e-15,					-2.06412e-15,					-1,					0,
				5.55112e-17,					-6.10623e-16,					-0.03,					1
			]
			,"mesh": 8
			,"name": "Rocker Arm-2"		}
,
		{
			"matrix": [
				0.958736,					0.284096,					0.0107012,					0,
				0.284112,					-0.958791,					1.02064e-15,					0,
				0.0102602,					0.00304034,					-0.999943,					0,
				-0.00257868,					0.1705,					-0.03,					1
			]
			,"mesh": 9
			,"name": "Valve-3"		}
,
		{
			"matrix": [
				-0.31134,					-0.0922573,					0.94581,					0,
				0.284112,					-0.958791,					9.79277e-16,					0,
				0.906834,					0.268716,					0.324722,					0,
				-0.00257868,					0.1705,					0.03,					1
			]
			,"mesh": 10
			,"name": "Valve-4"		}
,
		{
			"matrix": [
				-0.951883,					-0.282065,					-0.119824,					0,
				0.284112,					-0.958791,					9.09796e-16,					0,
				-0.114886,					-0.0340434,					0.992795,					0,
				0.0386176,					0.0314757,					-0.03,					1
			]
			,"mesh": 11
			,"name": "Closing Shim-2"		}
,
		{
			"matrix": [
				-0.951883,					-0.282065,					-0.119824,					0,
				0.284112,					-0.958791,					9.08031e-16,					0,
				-0.114886,					-0.0340434,					0.992795,					0,
				0.0386176,					0.0314757,					0.03,					1
			]
			,"mesh": 12
			,"name": "Closing Shim-3"		}
,
		{
			"matrix": [
				-0.958791,					-0.284112,					-5.90625e-15,					0,
				0.284112,					-0.958791,					9.46963e-16,					0,
				-5.9319e-15,					-7.70097e-16,					1,					0,
				0.0699686,					0.0662364,					0.045,					1
			]
			,"mesh": 13
			,"name": "Opening Rocker Arm-2-2"		}
,
		{
			"matrix": [
				-0.958791,					-0.284112,					1.99409e-16,					0,
				0.284112,					-0.958791,					9.43235e-16,					0,
				-7.67931e-17,					9.6102e-16,					1,					0,
				0.0699686,					0.0662364,					-0.045,					1
			]
			,"mesh": 14
			,"name": "Closing Rocker Arm-1-2"		}
,
		{
			"matrix": [
				1,					0,					0,					0,
				0,					1,					0,					0,
				0,					0,					1,					0,
				0.0599484,					0.061609,					0.113466,					1
			]
			,"mesh": 15
			,"name": "Pin-1"		}
,
		{
			"matrix": [
				-0.534986,					-0.844861,					1.15468e-15,					0,
				-0.844861,					0.534986,					2.8543e-15,					0,
				-3.02923e-15,					5.51471e-16,					-1,					0,
				0.0802766,					-0.1661,					0.113606,					1
			]
			,"mesh": 16
			,"name": "Crankshaft-1"		}
,
		{
			"matrix": [
				-3.49148e-15,					0,					-1,					0,
				0,					1,					0,					0,
				1,					0,					-3.49148e-15,					0,
				0.0599484,					0.118709,					0.113606,					1
			]
			,"mesh": 17
			,"name": "Piston Head-1"		}
,
		{
			"matrix": [
				-0.724872,					-0.688883,					2.10237e-15,					0,
				-0.688883,					0.724872,					2.13919e-15,					0,
				-2.9976e-15,					1.02349e-16,					-1,					0,
				0.0507065,					-0.147375,					0.0186061,					1
			]
			,"mesh": 18
			,"name": "Sprocket Small-1"		}
,
		{
			"children": [
				23, 24, 25, 26, 27, 28, 29, 30, 31, 32, 33, 34, 35
			]
			,"matrix": [
				0.202955,					0.979188,					-9.06669e-16,					0,
				-0.979188,					0.202955,					-1.59959e-16,					0,
				2.73838e-17,					9.20264e-16,					1,					0,
				0.148413,					0.278715,					0.113606,					1
			]
			,"name": "Valve SubAssembly-1"		}
,
		{
			"matrix": [
				1,					0,					0,					0,
				0,					1,					0,					0,
				0,					0,					1,					0,
				-0.0493343,					0.0669451,					0.00125,					1
			]
			,"mesh": 19
			,"name": "Rocker Shafts-1-1"		}
,
		{
			"matrix": [
				0.142334,					-0.929094,					-0.341357,					0,
				0.988468,					0.15143,					5.66971e-16,					0,
				0.0516917,					-0.33742,					0.939934,					0,
				-0.169274,					0.0205728,					0.03,					1
			]
			,"mesh": 20
			,"name": "Valve-4"		}
,
		{
			"matrix": [
				0.15143,					-0.988468,					-3.18015e-15,					0,
				0.988468,					0.15143,					8.28934e-16,					0,
				-3.37804e-16,					-3.26901e-15,					1,					0,
				-0.0561332,					0.0783066,					-0.045,					1
			]
			,"mesh": 21
			,"name": "Closing Rocker Arm-1-2"		}
,
		{
			"matrix": [
				0.15143,					-0.988468,					-1.30938e-15,					0,
				0.988468,					0.15143,					1.25546e-15,					0,
				-1.0427e-15,					-1.48439e-15,					1,					0,
				-0.0561332,					0.0783066,					0.045,					1
			]
			,"mesh": 22
			,"name": "Opening Rocker Arm-2-2"		}
,
		{
			"matrix": [
				0.15143,					-0.988468,					-2.93482e-15,					0,
				0.988468,					0.15143,					6.26987e-16,					0,
				-1.75336e-16,					-2.99592e-15,					1,					0,
				-0.0561332,					0.0783066,					0.045,					1
			]
			,"mesh": 23
			,"name": "Opening Rocker Arm-2-1"		}
,
		{
			"matrix": [
				0.142724,					-0.93164,					-0.33418,					0,
				0.988468,					0.15143,					9.2022e-16,					0,
				0.0506049,					-0.330326,					0.942509,					0,
				-0.0160618,					0.0440445,					-0.03,					1
			]
			,"mesh": 24
			,"name": "Opening Shim-2"		}
,
		{
			"matrix": [
				-0.202955,					0.979188,					3.66317e-15,					0,
				0.979188,					0.202955,					1.04628e-15,					0,
				2.81043e-16,					3.79928e-15,					-1,					0,
				-4.38538e-15,					-7.49401e-16,					-0.03,					1
			]
			,"mesh": 25
			,"name": "Rocker Arm-2"		}
,
		{
			"matrix": [
				0.15143,					-0.988468,					-1.02461e-14,					0,
				0.988468,					0.15143,					7.15089e-16,					0,
				8.44734e-16,					-1.02363e-14,					1,					0,
				-0.0259465,					0.0425302,					-0.03,					1
			]
			,"mesh": 26
			,"name": "Closing Shim-2"		}
,
		{
			"matrix": [
				0.0486925,					-0.317842,					0.946892,					0,
				0.988468,					0.15143,					9.89008e-16,					0,
				-0.143388,					0.935973,					0.32155,					0,
				-0.169274,					0.0205728,					-0.03,					1
			]
			,"mesh": 27
			,"name": "Valve-3"		}
,
		{
			"matrix": [
				-0.202955,					0.979188,					3.66317e-15,					0,
				0.979188,					0.202955,					1.04628e-15,					0,
				2.81044e-16,					3.79927e-15,					-1,					0,
				-4.38538e-15,					-9.57567e-16,					0.03,					1
			]
			,"mesh": 28
			,"name": "Rocker Arm-1"		}
,
		{
			"matrix": [
				0.145901,					-0.952374,					-0.267761,					0,
				0.988468,					0.15143,					7.08964e-16,					0,
				0.0405471,					-0.264673,					0.963485,					0,
				-0.0160618,					0.0440445,					0.03,					1
			]
			,"mesh": 29
			,"name": "Opening Shim-3"		}
,
		{
			"mesh": 30
			,"name": "Rocker Shafts-2-1"		}
,
		{
			"matrix": [
				0.15143,					-0.988468,					-6.72781e-14,					0,
				0.988468,					0.15143,					7.34576e-16,					0,
				9.46184e-15,					-6.66135e-14,					1,					0,
				-0.0259465,					0.0425302,					0.03,					1
			]
			,"mesh": 31
			,"name": "Closing Shim-3"		}
	],
	"cameras": [
		{
			"type": "orthographic",
			"orthographic" : {
				"xmag": 1,
				"ymag" : 1,
				"zfar" : 100,
				"znear" : 0.01
			}
		}
	],
	"meshes" : [
		{
			"primitives" : [
				{
					"attributes" : {
					"POSITION" : 1,
					"NORMAL" : 2,
					"TEXCOORD_0" : 3
					},
					"indices" : 0,
					"mode": 4,
					"material" : 1
					,"extensions": {
					"KHR_draco_mesh_compression": {
					"bufferView": 0,
					"attributes" : {
					"POSITION": 0,
					"NORMAL" : 1,
					"TEXCOORD_0" : 2
					}
					}
					}
				}
			]
		},
		{
			"primitives" : [
				{
					"attributes" : {
					"POSITION" : 5,
					"NORMAL" : 6,
					"TEXCOORD_0" : 7
					},
					"indices" : 4,
					"mode": 4,
					"material" : 2
					,"extensions": {
					"KHR_draco_mesh_compression": {
					"bufferView": 1,
					"attributes" : {
					"POSITION": 0,
					"NORMAL" : 1,
					"TEXCOORD_0" : 2
					}
					}
					}
				},
				{
					"attributes" : {
					"POSITION" : 9,
					"NORMAL" : 10,
					"TEXCOORD_0" : 11
					},
					"indices" : 8,
					"mode": 4,
					"material" : 3
					,"extensions": {
					"KHR_draco_mesh_compression": {
					"bufferView": 2,
					"attributes" : {
					"POSITION": 0,
					"NORMAL" : 1,
					"TEXCOORD_0" : 2
					}
					}
					}
				}
			]
		},
		{
			"primitives" : [
				{
					"attributes" : {
					"POSITION" : 13,
					"NORMAL" : 14,
					"TEXCOORD_0" : 15
					},
					"indices" : 12,
					"mode": 4,
					"material" : 4
					,"extensions": {
					"KHR_draco_mesh_compression": {
					"bufferView": 3,
					"attributes" : {
					"POSITION": 0,
					"NORMAL" : 1,
					"TEXCOORD_0" : 2
					}
					}
					}
				}
			]
		},
		{
			"primitives" : [
				{
					"attributes" : {
					"POSITION" : 17,
					"NORMAL" : 18,
					"TEXCOORD_0" : 19
					},
					"indices" : 16,
					"mode": 4,
					"material" : 4
					,"extensions": {
					"KHR_draco_mesh_compression": {
					"bufferView": 4,
					"attributes" : {
					"POSITION": 0,
					"NORMAL" : 1,
					"TEXCOORD_0" : 2
					}
					}
					}
				}
			]
		},
		{
			"primitives" : [
				{
					"attributes" : {
					"POSITION" : 21,
					"NORMAL" : 22,
					"TEXCOORD_0" : 23
					},
					"indices" : 20,
					"mode": 4,
					"material" : 5
					,"extensions": {
					"KHR_draco_mesh_compression": {
					"bufferView": 5,
					"attributes" : {
					"POSITION": 0,
					"NORMAL" : 1,
					"TEXCOORD_0" : 2
					}
					}
					}
				}
			]
		},
		{
			"primitives" : [
				{
					"attributes" : {
					"POSITION" : 25,
					"NORMAL" : 26,
					"TEXCOORD_0" : 27
					},
					"indices" : 24,
					"mode": 4,
					"material" : 0
					,"extensions": {
					"KHR_draco_mesh_compression": {
					"bufferView": 6,
					"attributes" : {
					"POSITION": 0,
					"NORMAL" : 1,
					"TEXCOORD_0" : 2
					}
					}
					}
				},
				{
					"attributes" : {
					"POSITION" : 29,
					"NORMAL" : 30,
					"TEXCOORD_0" : 31
					},
					"indices" : 28,
					"mode": 4,
					"material" : 6
					,"extensions": {
					"KHR_draco_mesh_compression": {
					"bufferView": 7,
					"attributes" : {
					"POSITION": 0,
					"NORMAL" : 1,
					"TEXCOORD_0" : 2
					}
					}
					}
				},
				{
					"attributes" : {
					"POSITION" : 33,
					"NORMAL" : 34,
					"TEXCOORD_0" : 35
					},
					"indices" : 32,
					"mode": 4,
					"material" : 7
					,"extensions": {
					"KHR_draco_mesh_compression": {
					"bufferView": 8,
					"attributes" : {
					"POSITION": 0,
					"NORMAL" : 1,
					"TEXCOORD_0" : 2
					}
					}
					}
				}
			]
		},
		{
			"primitives" : [
				{
					"attributes" : {
					"POSITION" : 37,
					"NORMAL" : 38,
					"TEXCOORD_0" : 39
					},
					"indices" : 36,
					"mode": 4,
					"material" : 8
					,"extensions": {
					"KHR_draco_mesh_compression": {
					"bufferView": 9,
					"attributes" : {
					"POSITION": 0,
					"NORMAL" : 1,
					"TEXCOORD_0" : 2
					}
					}
					}
				}
			]
		},
		{
			"primitives" : [
				{
					"attributes" : {
					"POSITION" : 41,
					"NORMAL" : 42,
					"TEXCOORD_0" : 43
					},
					"indices" : 40,
					"mode": 4,
					"material" : 9
					,"extensions": {
					"KHR_draco_mesh_compression": {
					"bufferView": 10,
					"attributes" : {
					"POSITION": 0,
					"NORMAL" : 1,
					"TEXCOORD_0" : 2
					}
					}
					}
				},
				{
					"attributes" : {
					"POSITION" : 45,
					"NORMAL" : 46,
					"TEXCOORD_0" : 47
					},
					"indices" : 44,
					"mode": 4,
					"material" : 10
					,"extensions": {
					"KHR_draco_mesh_compression": {
					"bufferView": 11,
					"attributes" : {
					"POSITION": 0,
					"NORMAL" : 1,
					"TEXCOORD_0" : 2
					}
					}
					}
				}
			]
		},
		{
			"primitives" : [
				{
					"attributes" : {
					"POSITION" : 49,
					"NORMAL" : 50,
					"TEXCOORD_0" : 51
					},
					"indices" : 48,
					"mode": 4,
					"material" : 9
					,"extensions": {
					"KHR_draco_mesh_compression": {
					"bufferView": 12,
					"attributes" : {
					"POSITION": 0,
					"NORMAL" : 1,
					"TEXCOORD_0" : 2
					}
					}
					}
				},
				{
					"attributes" : {
					"POSITION" : 53,
					"NORMAL" : 54,
					"TEXCOORD_0" : 55
					},
					"indices" : 52,
					"mode": 4,
					"material" : 10
					,"extensions": {
					"KHR_draco_mesh_compression": {
					"bufferView": 13,
					"attributes" : {
					"POSITION": 0,
					"NORMAL" : 1,
					"TEXCOORD_0" : 2
					}
					}
					}
				}
			]
		},
		{
			"primitives" : [
				{
					"attributes" : {
					"POSITION" : 57,
					"NORMAL" : 58,
					"TEXCOORD_0" : 59
					},
					"indices" : 56,
					"mode": 4,
					"material" : 11
					,"extensions": {
					"KHR_draco_mesh_compression": {
					"bufferView": 14,
					"attributes" : {
					"POSITION": 0,
					"NORMAL" : 1,
					"TEXCOORD_0" : 2
					}
					}
					}
				}
			]
		},
		{
			"primitives" : [
				{
					"attributes" : {
					"POSITION" : 61,
					"NORMAL" : 62,
					"TEXCOORD_0" : 63
					},
					"indices" : 60,
					"mode": 4,
					"material" : 11
					,"extensions": {
					"KHR_draco_mesh_compression": {
					"bufferView": 15,
					"attributes" : {
					"POSITION": 0,
					"NORMAL" : 1,
					"TEXCOORD_0" : 2
					}
					}
					}
				}
			]
		},
		{
			"primitives" : [
				{
					"attributes" : {
					"POSITION" : 65,
					"NORMAL" : 66,
					"TEXCOORD_0" : 67
					},
					"indices" : 64,
					"mode": 4,
					"material" : 12
					,"extensions": {
					"KHR_draco_mesh_compression": {
					"bufferView": 16,
					"attributes" : {
					"POSITION": 0,
					"NORMAL" : 1,
					"TEXCOORD_0" : 2
					}
					}
					}
				},
				{
					"attributes" : {
					"POSITION" : 69,
					"NORMAL" : 70,
					"TEXCOORD_0" : 71
					},
					"indices" : 68,
					"mode": 4,
					"material" : 13
					,"extensions": {
					"KHR_draco_mesh_compression": {
					"bufferView": 17,
					"attributes" : {
					"POSITION": 0,
					"NORMAL" : 1,
					"TEXCOORD_0" : 2
					}
					}
					}
				}
			]
		},
		{
			"primitives" : [
				{
					"attributes" : {
					"POSITION" : 73,
					"NORMAL" : 74,
					"TEXCOORD_0" : 75
					},
					"indices" : 72,
					"mode": 4,
					"material" : 12
					,"extensions": {
					"KHR_draco_mesh_compression": {
					"bufferView": 18,
					"attributes" : {
					"POSITION": 0,
					"NORMAL" : 1,
					"TEXCOORD_0" : 2
					}
					}
					}
				},
				{
					"attributes" : {
					"POSITION" : 77,
					"NORMAL" : 78,
					"TEXCOORD_0" : 79
					},
					"indices" : 76,
					"mode": 4,
					"material" : 13
					,"extensions": {
					"KHR_draco_mesh_compression": {
					"bufferView": 19,
					"attributes" : {
					"POSITION": 0,
					"NORMAL" : 1,
					"TEXCOORD_0" : 2
					}
					}
					}
				}
			]
		},
		{
			"primitives" : [
				{
					"attributes" : {
					"POSITION" : 81,
					"NORMAL" : 82,
					"TEXCOORD_0" : 83
					},
					"indices" : 80,
					"mode": 4,
					"material" : 0
					,"extensions": {
					"KHR_draco_mesh_compression": {
					"bufferView": 20,
					"attributes" : {
					"POSITION": 0,
					"NORMAL" : 1,
					"TEXCOORD_0" : 2
					}
					}
					}
				},
				{
					"attributes" : {
					"POSITION" : 85,
					"NORMAL" : 86,
					"TEXCOORD_0" : 87
					},
					"indices" : 84,
					"mode": 4,
					"material" : 6
					,"extensions": {
					"KHR_draco_mesh_compression": {
					"bufferView": 21,
					"attributes" : {
					"POSITION": 0,
					"NORMAL" : 1,
					"TEXCOORD_0" : 2
					}
					}
					}
				},
				{
					"attributes" : {
					"POSITION" : 89,
					"NORMAL" : 90,
					"TEXCOORD_0" : 91
					},
					"indices" : 88,
					"mode": 4,
					"material" : 7
					,"extensions": {
					"KHR_draco_mesh_compression": {
					"bufferView": 22,
					"attributes" : {
					"POSITION": 0,
					"NORMAL" : 1,
					"TEXCOORD_0" : 2
					}
					}
					}
				}
			]
		},
		{
			"primitives" : [
				{
					"attributes" : {
					"POSITION" : 93,
					"NORMAL" : 94,
					"TEXCOORD_0" : 95
					},
					"indices" : 92,
					"mode": 4,
					"material" : 0
					,"extensions": {
					"KHR_draco_mesh_compression": {
					"bufferView": 23,
					"attributes" : {
					"POSITION": 0,
					"NORMAL" : 1,
					"TEXCOORD_0" : 2
					}
					}
					}
				},
				{
					"attributes" : {
					"POSITION" : 97,
					"NORMAL" : 98,
					"TEXCOORD_0" : 99
					},
					"indices" : 96,
					"mode": 4,
					"material" : 14
					,"extensions": {
					"KHR_draco_mesh_compression": {
					"bufferView": 24,
					"attributes" : {
					"POSITION": 0,
					"NORMAL" : 1,
					"TEXCOORD_0" : 2
					}
					}
					}
				},
				{
					"attributes" : {
					"POSITION" : 101,
					"NORMAL" : 102,
					"TEXCOORD_0" : 103
					},
					"indices" : 100,
					"mode": 4,
					"material" : 15
					,"extensions": {
					"KHR_draco_mesh_compression": {
					"bufferView": 25,
					"attributes" : {
					"POSITION": 0,
					"NORMAL" : 1,
					"TEXCOORD_0" : 2
					}
					}
					}
				}
			]
		},
		{
			"primitives" : [
				{
					"attributes" : {
					"POSITION" : 105,
					"NORMAL" : 106,
					"TEXCOORD_0" : 107
					},
					"indices" : 104,
					"mode": 4,
					"material" : 16
					,"extensions": {
					"KHR_draco_mesh_compression": {
					"bufferView": 26,
					"attributes" : {
					"POSITION": 0,
					"NORMAL" : 1,
					"TEXCOORD_0" : 2
					}
					}
					}
				}
			]
		},
		{
			"primitives" : [
				{
					"attributes" : {
					"POSITION" : 109,
					"NORMAL" : 110,
					"TEXCOORD_0" : 111
					},
					"indices" : 108,
					"mode": 4,
					"material" : 17
					,"extensions": {
					"KHR_draco_mesh_compression": {
					"bufferView": 27,
					"attributes" : {
					"POSITION": 0,
					"NORMAL" : 1,
					"TEXCOORD_0" : 2
					}
					}
					}
				}
			]
		},
		{
			"primitives" : [
				{
					"attributes" : {
					"POSITION" : 113,
					"NORMAL" : 114,
					"TEXCOORD_0" : 115
					},
					"indices" : 112,
					"mode": 4,
					"material" : 18
					,"extensions": {
					"KHR_draco_mesh_compression": {
					"bufferView": 28,
					"attributes" : {
					"POSITION": 0,
					"NORMAL" : 1,
					"TEXCOORD_0" : 2
					}
					}
					}
				},
				{
					"attributes" : {
					"POSITION" : 117,
					"NORMAL" : 118,
					"TEXCOORD_0" : 119
					},
					"indices" : 116,
					"mode": 4,
					"material" : 19
					,"extensions": {
					"KHR_draco_mesh_compression": {
					"bufferView": 29,
					"attributes" : {
					"POSITION": 0,
					"NORMAL" : 1,
					"TEXCOORD_0" : 2
					}
					}
					}
				}
			]
		},
		{
			"primitives" : [
				{
					"attributes" : {
					"POSITION" : 121,
					"NORMAL" : 122,
					"TEXCOORD_0" : 123
					},
					"indices" : 120,
					"mode": 4,
					"material" : 20
					,"extensions": {
					"KHR_draco_mesh_compression": {
					"bufferView": 30,
					"attributes" : {
					"POSITION": 0,
					"NORMAL" : 1,
					"TEXCOORD_0" : 2
					}
					}
					}
				}
			]
		},
		{
			"primitives" : [
				{
					"attributes" : {
					"POSITION" : 125,
					"NORMAL" : 126,
					"TEXCOORD_0" : 127
					},
					"indices" : 124,
					"mode": 4,
					"material" : 5
					,"extensions": {
					"KHR_draco_mesh_compression": {
					"bufferView": 31,
					"attributes" : {
					"POSITION": 0,
					"NORMAL" : 1,
					"TEXCOORD_0" : 2
					}
					}
					}
				}
			]
		},
		{
			"primitives" : [
				{
					"attributes" : {
					"POSITION" : 129,
					"NORMAL" : 130,
					"TEXCOORD_0" : 131
					},
					"indices" : 128,
					"mode": 4,
					"material" : 11
					,"extensions": {
					"KHR_draco_mesh_compression": {
					"bufferView": 32,
					"attributes" : {
					"POSITION": 0,
					"NORMAL" : 1,
					"TEXCOORD_0" : 2
					}
					}
					}
				}
			]
		},
		{
			"primitives" : [
				{
					"attributes" : {
					"POSITION" : 133,
					"NORMAL" : 134,
					"TEXCOORD_0" : 135
					},
					"indices" : 132,
					"mode": 4,
					"material" : 0
					,"extensions": {
					"KHR_draco_mesh_compression": {
					"bufferView": 33,
					"attributes" : {
					"POSITION": 0,
					"NORMAL" : 1,
					"TEXCOORD_0" : 2
					}
					}
					}
				},
				{
					"attributes" : {
					"POSITION" : 137,
					"NORMAL" : 138,
					"TEXCOORD_0" : 139
					},
					"indices" : 136,
					"mode": 4,
					"material" : 14
					,"extensions": {
					"KHR_draco_mesh_compression": {
					"bufferView": 34,
					"attributes" : {
					"POSITION": 0,
					"NORMAL" : 1,
					"TEXCOORD_0" : 2
					}
					}
					}
				},
				{
					"attributes" : {
					"POSITION" : 141,
					"NORMAL" : 142,
					"TEXCOORD_0" : 143
					},
					"indices" : 140,
					"mode": 4,
					"material" : 15
					,"extensions": {
					"KHR_draco_mesh_compression": {
					"bufferView": 35,
					"attributes" : {
					"POSITION": 0,
					"NORMAL" : 1,
					"TEXCOORD_0" : 2
					}
					}
					}
				}
			]
		},
		{
			"primitives" : [
				{
					"attributes" : {
					"POSITION" : 145,
					"NORMAL" : 146,
					"TEXCOORD_0" : 147
					},
					"indices" : 144,
					"mode": 4,
					"material" : 0
					,"extensions": {
					"KHR_draco_mesh_compression": {
					"bufferView": 36,
					"attributes" : {
					"POSITION": 0,
					"NORMAL" : 1,
					"TEXCOORD_0" : 2
					}
					}
					}
				},
				{
					"attributes" : {
					"POSITION" : 149,
					"NORMAL" : 150,
					"TEXCOORD_0" : 151
					},
					"indices" : 148,
					"mode": 4,
					"material" : 6
					,"extensions": {
					"KHR_draco_mesh_compression": {
					"bufferView": 37,
					"attributes" : {
					"POSITION": 0,
					"NORMAL" : 1,
					"TEXCOORD_0" : 2
					}
					}
					}
				},
				{
					"attributes" : {
					"POSITION" : 153,
					"NORMAL" : 154,
					"TEXCOORD_0" : 155
					},
					"indices" : 152,
					"mode": 4,
					"material" : 7
					,"extensions": {
					"KHR_draco_mesh_compression": {
					"bufferView": 38,
					"attributes" : {
					"POSITION": 0,
					"NORMAL" : 1,
					"TEXCOORD_0" : 2
					}
					}
					}
				}
			]
		},
		{
			"primitives" : [
				{
					"attributes" : {
					"POSITION" : 157,
					"NORMAL" : 158,
					"TEXCOORD_0" : 159
					},
					"indices" : 156,
					"mode": 4,
					"material" : 0
					,"extensions": {
					"KHR_draco_mesh_compression": {
					"bufferView": 39,
					"attributes" : {
					"POSITION": 0,
					"NORMAL" : 1,
					"TEXCOORD_0" : 2
					}
					}
					}
				},
				{
					"attributes" : {
					"POSITION" : 161,
					"NORMAL" : 162,
					"TEXCOORD_0" : 163
					},
					"indices" : 160,
					"mode": 4,
					"material" : 6
					,"extensions": {
					"KHR_draco_mesh_compression": {
					"bufferView": 40,
					"attributes" : {
					"POSITION": 0,
					"NORMAL" : 1,
					"TEXCOORD_0" : 2
					}
					}
					}
				},
				{
					"attributes" : {
					"POSITION" : 165,
					"NORMAL" : 166,
					"TEXCOORD_0" : 167
					},
					"indices" : 164,
					"mode": 4,
					"material" : 7
					,"extensions": {
					"KHR_draco_mesh_compression": {
					"bufferView": 41,
					"attributes" : {
					"POSITION": 0,
					"NORMAL" : 1,
					"TEXCOORD_0" : 2
					}
					}
					}
				}
			]
		},
		{
			"primitives" : [
				{
					"attributes" : {
					"POSITION" : 169,
					"NORMAL" : 170,
					"TEXCOORD_0" : 171
					},
					"indices" : 168,
					"mode": 4,
					"material" : 4
					,"extensions": {
					"KHR_draco_mesh_compression": {
					"bufferView": 42,
					"attributes" : {
					"POSITION": 0,
					"NORMAL" : 1,
					"TEXCOORD_0" : 2
					}
					}
					}
				}
			]
		},
		{
			"primitives" : [
				{
					"attributes" : {
					"POSITION" : 173,
					"NORMAL" : 174,
					"TEXCOORD_0" : 175
					},
					"indices" : 172,
					"mode": 4,
					"material" : 9
					,"extensions": {
					"KHR_draco_mesh_compression": {
					"bufferView": 43,
					"attributes" : {
					"POSITION": 0,
					"NORMAL" : 1,
					"TEXCOORD_0" : 2
					}
					}
					}
				},
				{
					"attributes" : {
					"POSITION" : 177,
					"NORMAL" : 178,
					"TEXCOORD_0" : 179
					},
					"indices" : 176,
					"mode": 4,
					"material" : 10
					,"extensions": {
					"KHR_draco_mesh_compression": {
					"bufferView": 44,
					"attributes" : {
					"POSITION": 0,
					"NORMAL" : 1,
					"TEXCOORD_0" : 2
					}
					}
					}
				}
			]
		},
		{
			"primitives" : [
				{
					"attributes" : {
					"POSITION" : 181,
					"NORMAL" : 182,
					"TEXCOORD_0" : 183
					},
					"indices" : 180,
					"mode": 4,
					"material" : 12
					,"extensions": {
					"KHR_draco_mesh_compression": {
					"bufferView": 45,
					"attributes" : {
					"POSITION": 0,
					"NORMAL" : 1,
					"TEXCOORD_0" : 2
					}
					}
					}
				},
				{
					"attributes" : {
					"POSITION" : 185,
					"NORMAL" : 186,
					"TEXCOORD_0" : 187
					},
					"indices" : 184,
					"mode": 4,
					"material" : 13
					,"extensions": {
					"KHR_draco_mesh_compression": {
					"bufferView": 46,
					"attributes" : {
					"POSITION": 0,
					"NORMAL" : 1,
					"TEXCOORD_0" : 2
					}
					}
					}
				}
			]
		},
		{
			"primitives" : [
				{
					"attributes" : {
					"POSITION" : 189,
					"NORMAL" : 190,
					"TEXCOORD_0" : 191
					},
					"indices" : 188,
					"mode": 4,
					"material" : 11
					,"extensions": {
					"KHR_draco_mesh_compression": {
					"bufferView": 47,
					"attributes" : {
					"POSITION": 0,
					"NORMAL" : 1,
					"TEXCOORD_0" : 2
					}
					}
					}
				}
			]
		},
		{
			"primitives" : [
				{
					"attributes" : {
					"POSITION" : 193,
					"NORMAL" : 194,
					"TEXCOORD_0" : 195
					},
					"indices" : 192,
					"mode": 4,
					"material" : 9
					,"extensions": {
					"KHR_draco_mesh_compression": {
					"bufferView": 48,
					"attributes" : {
					"POSITION": 0,
					"NORMAL" : 1,
					"TEXCOORD_0" : 2
					}
					}
					}
				},
				{
					"attributes" : {
					"POSITION" : 197,
					"NORMAL" : 198,
					"TEXCOORD_0" : 199
					},
					"indices" : 196,
					"mode": 4,
					"material" : 10
					,"extensions": {
					"KHR_draco_mesh_compression": {
					"bufferView": 49,
					"attributes" : {
					"POSITION": 0,
					"NORMAL" : 1,
					"TEXCOORD_0" : 2
					}
					}
					}
				}
			]
		},
		{
			"primitives" : [
				{
					"attributes" : {
					"POSITION" : 201,
					"NORMAL" : 202,
					"TEXCOORD_0" : 203
					},
					"indices" : 200,
					"mode": 4,
					"material" : 4
					,"extensions": {
					"KHR_draco_mesh_compression": {
					"bufferView": 50,
					"attributes" : {
					"POSITION": 0,
					"NORMAL" : 1,
					"TEXCOORD_0" : 2
					}
					}
					}
				}
			]
		},
		{
			"primitives" : [
				{
					"attributes" : {
					"POSITION" : 205,
					"NORMAL" : 206,
					"TEXCOORD_0" : 207
					},
					"indices" : 204,
					"mode": 4,
					"material" : 8
					,"extensions": {
					"KHR_draco_mesh_compression": {
					"bufferView": 51,
					"attributes" : {
					"POSITION": 0,
					"NORMAL" : 1,
					"TEXCOORD_0" : 2
					}
					}
					}
				}
			]
		},
		{
			"primitives" : [
				{
					"attributes" : {
					"POSITION" : 209,
					"NORMAL" : 210,
					"TEXCOORD_0" : 211
					},
					"indices" : 208,
					"mode": 4,
					"material" : 12
					,"extensions": {
					"KHR_draco_mesh_compression": {
					"bufferView": 52,
					"attributes" : {
					"POSITION": 0,
					"NORMAL" : 1,
					"TEXCOORD_0" : 2
					}
					}
					}
				},
				{
					"attributes" : {
					"POSITION" : 213,
					"NORMAL" : 214,
					"TEXCOORD_0" : 215
					},
					"indices" : 212,
					"mode": 4,
					"material" : 13
					,"extensions": {
					"KHR_draco_mesh_compression": {
					"bufferView": 53,
					"attributes" : {
					"POSITION": 0,
					"NORMAL" : 1,
					"TEXCOORD_0" : 2
					}
					}
					}
				}
			]
		}
	],
	"accessors" : [
			{
				"componentType" : 5123
				,"count" : 26184
				,"type" : "SCALAR"
			},
			{
				"componentType" : 5126
				,"count" : 6156
				,"type" : "VEC3"
				,"min" : [-1.58750005e-02, -5.73727638e-02, -1.00000001e-01]
				,"max" : [1.58750005e-02, 5.73727638e-02, 1.38037860e-01]
			},
			{
				"componentType" : 5126
				,"count" : 6156
				,"type" : "VEC3"
			},
			{
				"componentType" : 5126
				,"count" : 6156
				,"type" : "VEC2"
			},
			{
				"componentType" : 5123
				,"count" : 8358
				,"type" : "SCALAR"
			},
			{
				"componentType" : 5126
				,"count" : 1810
				,"type" : "VEC3"
				,"min" : [-1.20649999e-02, -8.99222882e-17, -4.75938432e-02]
				,"max" : [1.20649999e-02, 4.76999991e-02, 4.75938432e-02]
			},
			{
				"componentType" : 5126
				,"count" : 1810
				,"type" : "VEC3"
			},
			{
				"componentType" : 5126
				,"count" : 1810
				,"type" : "VEC2"
			},
			{
				"componentType" : 5123
				,"count" : 3660
				,"type" : "SCALAR"
			},
			{
				"componentType" : 5126
				,"count" : 1236
				,"type" : "VEC3"
				,"min" : [-1.20649999e-02, -3.79224922e-17, -5.71703836e-02]
				,"max" : [1.20649999e-02, 4.76999991e-02, 5.71703836e-02]
			},
			{
				"componentType" : 5126
				,"count" : 1236
				,"type" : "VEC3"
			},
			{
				"componentType" : 5126
				,"count" : 1236
				,"type" : "VEC2"
			},
			{
				"componentType" : 5123
				,"count" : 2874
				,"type" : "SCALAR"
			},
			{
				"componentType" : 5126
				,"count" : 960
				,"type" : "VEC3"
				,"min" : [-5.99755300e-03, 0.00000000e+00, -6.00000005e-03]
				,"max" : [5.99755300e-03, 1.30000003e-02, 6.00000005e-03]
			},
			{
				"componentType" : 5126
				,"count" : 960
				,"type" : "VEC3"
			},
			{
				"componentType" : 5126
				,"count" : 960
				,"type" : "VEC2"
			},
			{
				"componentType" : 5123
				,"count" : 2874
				,"type" : "SCALAR"
			},
			{
				"componentType" : 5126
				,"count" : 960
				,"type" : "VEC3"
				,"min" : [-5.99755300e-03, 0.00000000e+00, -6.00000005e-03]
				,"max" : [5.99755300e-03, 1.30000003e-02, 6.00000005e-03]
			},
			{
				"componentType" : 5126
				,"count" : 960
				,"type" : "VEC3"
			},
			{
				"componentType" : 5126
				,"count" : 960
				,"type" : "VEC2"
			},
			{
				"componentType" : 5123
				,"count" : 1818
				,"type" : "SCALAR"
			},
			{
				"componentType" : 5126
				,"count" : 606
				,"type" : "VEC3"
				,"min" : [-4.99999989e-03, -4.99999989e-03, -7.50000030e-02]
				,"max" : [4.99999989e-03, 4.99999989e-03, 7.50000030e-02]
			},
			{
				"componentType" : 5126
				,"count" : 606
				,"type" : "VEC3"
			},
			{
				"componentType" : 5126
				,"count" : 606
				,"type" : "VEC2"
			},
			{
				"componentType" : 5123
				,"count" : 5043
				,"type" : "SCALAR"
			},
			{
				"componentType" : 5126
				,"count" : 1757
				,"type" : "VEC3"
				,"min" : [1.26000005e-03, -7.99456984e-03, -2.99999993e-02]
				,"max" : [4.30086590e-02, 7.59908780e-02, 2.50000004e-02]
			},
			{
				"componentType" : 5126
				,"count" : 1757
				,"type" : "VEC3"
			},
			{
				"componentType" : 5126
				,"count" : 1757
				,"type" : "VEC2"
			},
			{
				"componentType" : 5123
				,"count" : 15144
				,"type" : "SCALAR"
			},
			{
				"componentType" : 5126
				,"count" : 3230
				,"type" : "VEC3"
				,"min" : [2.76000006e-03, -4.49999981e-03, -2.30000000e-02]
				,"max" : [4.30086590e-02, 7.39912614e-02, 4.99999989e-03]
			},
			{
				"componentType" : 5126
				,"count" : 3230
				,"type" : "VEC3"
			},
			{
				"componentType" : 5126
				,"count" : 3230
				,"type" : "VEC2"
			},
			{
				"componentType" : 5123
				,"count" : 129
				,"type" : "SCALAR"
			},
			{
				"componentType" : 5126
				,"count" : 47
				,"type" : "VEC3"
				,"min" : [1.26000005e-03, 1.99680869e-02, -2.25000009e-02]
				,"max" : [3.49903740e-02, 7.59908780e-02, 7.49999983e-03]
			},
			{
				"componentType" : 5126
				,"count" : 47
				,"type" : "VEC3"
			},
			{
				"componentType" : 5126
				,"count" : 47
				,"type" : "VEC2"
			},
			{
				"componentType" : 5123
				,"count" : 1896
				,"type" : "SCALAR"
			},
			{
				"componentType" : 5126
				,"count" : 632
				,"type" : "VEC3"
				,"min" : [-4.00000019e-03, -3.98633815e-03, -5.00000007e-02]
				,"max" : [4.00000019e-03, 3.98633815e-03, 5.00000007e-02]
			},
			{
				"componentType" : 5126
				,"count" : 632
				,"type" : "VEC3"
			},
			{
				"componentType" : 5126
				,"count" : 632
				,"type" : "VEC2"
			},
			{
				"componentType" : 5123
				,"count" : 16626
				,"type" : "SCALAR"
			},
			{
				"componentType" : 5126
				,"count" : 3666
				,"type" : "VEC3"
				,"min" : [-9.99635831e-03, -9.99557879e-03, -4.99999989e-03]
				,"max" : [4.97912578e-02, 1.68841202e-02, 4.99999989e-03]
			},
			{
				"componentType" : 5126
				,"count" : 3666
				,"type" : "VEC3"
			},
			{
				"componentType" : 5126
				,"count" : 3666
				,"type" : "VEC2"
			},
			{
				"componentType" : 5123
				,"count" : 3660
				,"type" : "SCALAR"
			},
			{
				"componentType" : 5126
				,"count" : 1244
				,"type" : "VEC3"
				,"min" : [-9.99635831e-03, -9.99557879e-03, -4.99999989e-03]
				,"max" : [4.97332439e-02, 1.68841202e-02, 4.99999989e-03]
			},
			{
				"componentType" : 5126
				,"count" : 1244
				,"type" : "VEC3"
			},
			{
				"componentType" : 5126
				,"count" : 1244
				,"type" : "VEC2"
			},
			{
				"componentType" : 5123
				,"count" : 16626
				,"type" : "SCALAR"
			},
			{
				"componentType" : 5126
				,"count" : 3666
				,"type" : "VEC3"
				,"min" : [-9.99635831e-03, -9.99557879e-03, -4.99999989e-03]
				,"max" : [4.97912578e-02, 1.68841202e-02, 4.99999989e-03]
			},
			{
				"componentType" : 5126
				,"count" : 3666
				,"type" : "VEC3"
			},
			{
				"componentType" : 5126
				,"count" : 3666
				,"type" : "VEC2"
			},
			{
				"componentType" : 5123
				,"count" : 3660
				,"type" : "SCALAR"
			},
			{
				"componentType" : 5126
				,"count" : 1244
				,"type" : "VEC3"
				,"min" : [-9.99635831e-03, -9.99557879e-03, -4.99999989e-03]
				,"max" : [4.97332439e-02, 1.68841202e-02, 4.99999989e-03]
			},
			{
				"componentType" : 5126
				,"count" : 1244
				,"type" : "VEC3"
			},
			{
				"componentType" : 5126
				,"count" : 1244
				,"type" : "VEC2"
			},
			{
				"componentType" : 5123
				,"count" : 4782
				,"type" : "SCALAR"
			},
			{
				"componentType" : 5126
				,"count" : 1306
				,"type" : "VEC3"
				,"min" : [-2.69245021e-02, -6.31774995e-22, -2.70000007e-02]
				,"max" : [2.69245021e-02, 1.65000007e-01, 2.70000007e-02]
			},
			{
				"componentType" : 5126
				,"count" : 1306
				,"type" : "VEC3"
			},
			{
				"componentType" : 5126
				,"count" : 1306
				,"type" : "VEC2"
			},
			{
				"componentType" : 5123
				,"count" : 4782
				,"type" : "SCALAR"
			},
			{
				"componentType" : 5126
				,"count" : 1306
				,"type" : "VEC3"
				,"min" : [-2.69245021e-02, -6.31774995e-22, -2.70000007e-02]
				,"max" : [2.69245021e-02, 1.65000007e-01, 2.70000007e-02]
			},
			{
				"componentType" : 5126
				,"count" : 1306
				,"type" : "VEC3"
			},
			{
				"componentType" : 5126
				,"count" : 1306
				,"type" : "VEC2"
			},
			{
				"componentType" : 5123
				,"count" : 1146
				,"type" : "SCALAR"
			},
			{
				"componentType" : 5126
				,"count" : 382
				,"type" : "VEC3"
				,"min" : [-5.49999997e-03, 2.50000012e-04, -5.49999997e-03]
				,"max" : [5.49999997e-03, 9.99999978e-03, 5.49999997e-03]
			},
			{
				"componentType" : 5126
				,"count" : 382
				,"type" : "VEC3"
			},
			{
				"componentType" : 5126
				,"count" : 382
				,"type" : "VEC2"
			},
			{
				"componentType" : 5123
				,"count" : 8208
				,"type" : "SCALAR"
			},
			{
				"componentType" : 5126
				,"count" : 2016
				,"type" : "VEC3"
				,"min" : [-9.99999978e-03, 0.00000000e+00, -9.99999978e-03]
				,"max" : [9.99999978e-03, 9.99999978e-03, 9.99999978e-03]
			},
			{
				"componentType" : 5126
				,"count" : 2016
				,"type" : "VEC3"
			},
			{
				"componentType" : 5126
				,"count" : 2016
				,"type" : "VEC2"
			},
			{
				"componentType" : 5123
				,"count" : 1146
				,"type" : "SCALAR"
			},
			{
				"componentType" : 5126
